[[67.93,52.77,94.89,96.92]]
[[75.59,54.73,86.39,53.44],[72.61,74.78,99.19,72.83],[60.36,59.36,55.29,52.31],[80.29,89.05,84.02,76.8],[97.65,75.16,73.35,84.44]]
[[95.35,63.1,70.45,63.37],[88.36,74.47,67.4,90.73],[76.78,74.23,77.23,54.41],[81.24,91.12,53.38,94.03]]
[[87.8,66.86,90.49,88.92]]
[[72.68,82.16,83.76,90.41],[87.75,69.41,65.09,56.13],[73.34,65.51,98.07,86.48],[61.6,66.61,76.18,67.27],[73.67,87.88,76.57,84.7],[90.91,55.42,60.74,74.49]]
[[92.1,61.92,88.2,92.26],[86.63,91.21,64.79,99.99],[83.76,80.55,98.64,53.38],[65.28,92.31,96.4,68.68],[71.79,51.44,93.1,72.79],[75.25,73.5,69.52,77.29],[71.5,85.01,87.83,78.77],[52.34,61.26,61.6,63.07],[50.69,51.71,55.05,72.79]]
[[54.7,92.99,77.82,89.1],[64.15,98.41,69.4,76.72],[61.31,77.06,83.65,96.89],[59.77,60.01,59.81,80.59]]
[[74.39,86.73,64.39,63.16],[98.65,62.85,95.09,71.41],[90.99,91.69,78.03,82.01],[81.8,92.43,75.08,79.77],[69.85,50.28,51.66,83.42],[83.58,65.38,54.87,50.83]]
[[62.8,59.06,83.72,69.07],[67.69,50.23,96.65,54.56],[60.59,98.76,51.56,75.91]]
[[61.64,84.88,63.16,95.44],[63.25,81.1,82.74,52.62],[78.84,55.85,87.82,83.88],[76.4,88.13,96.56,77.86],[50.84,58.17,76.23,64.74],[67.29,89.22,56.15,52.59]]
