[[label_0,74.98,88.56,64.54]]
[[label_1,61.9,60.03,61.83],[label_2,98.08,69.35,74.62],[label_3,88.31,64.48,76.51],[label_4,95.67,86.08,58.48],[label_5,73.75,58.58,76.38],[label_6,98.15,83.05,72.27]]
[[label_7,85.41,70.53,58.37],[label_8,89.4,71.53,65.61],[label_9,52.45,69.61,98.49]]
[[label_10,84.64,87.45,91.33],[label_11,86.02,96.37,66.2],[label_12,93.54,93.79,76.7],[label_13,80.73,72.73,85.76],[label_14,82.71,65.38,92.64],[label_15,84.11,70.16,86.55],[label_16,85.95,56.6,76.47]]
[[label_17,61.36,96.83,91.61],[label_18,86.26,83.75,82.6],[label_19,54.26,70.08,78.83],[label_20,79.58,63.41,84.65],[label_21,50.32,68.41,54.62]]
[[label_22,87.3,78.0,73.15],[label_23,55.77,78.32,59.21],[label_24,82.97,55.4,58.61],[label_25,62.87,64.03,64.74],[label_26,93.62,63.03,58.68]]
[[label_27,55.61,51.16,74.0],[label_28,55.57,67.92,98.91],[label_29,76.08,96.93,80.2],[label_30,69.59,61.78,59.04],[label_31,90.65,96.41,87.1],[label_32,62.2,94.81,96.79],[label_33,94.39,67.45,76.94],[label_34,84.81,65.59,60.57],[label_35,53.36,73.54,63.51]]
[[label_36,54.0,81.22,65.47],[label_37,65.11,89.68,67.87]]
[[label_38,59.74,69.78,98.09],[label_39,91.26,74.06,95.91],[label_40,63.15,62.72,93.15],[label_41,61.83,81.02,70.73],[label_42,86.37,66.71,97.86],[label_43,82.28,52.42,71.4],[label_44,87.62,95.81,64.65],[label_45,72.8,74.6,96.71]]
[[label_46,90.04,93.72,71.65],[label_47,58.09,66.16,92.93],[label_48,67.48,58.04,79.38]]
