[[65.27, 69.4],[87.8, 98.76],[97.52, 69.42],[92.97, 98.31],[72.86, 52.31],[56.97, 76.19],[93.47, 66.74]]
[[64.39, 96.03]]
[[88.06, 92.35],[99.08, 59.61],[70.19, 75.89],[90.78, 77.98],[60.03, 82.73]]
[[77.78, 88.85],[98.17, 58.84],[94.48, 61.73],[93.23, 79.38],[57.85, 73.09],[92.38, 83.63],[64.23, 90.4],[80.96, 64.65],[75.35, 86.73]]
[[83.69, 68.17],[90.39, 66.33],[78.3, 74.8],[88.94, 53.24]]
[[58.46, 91.18],[61.51, 82.19],[52.09, 82.24],[76.0, 84.23],[59.26, 69.81]]
[[80.57, 61.78],[56.27, 95.62],[88.73, 79.72]]
[[52.05, 52.37],[62.84, 96.42],[57.37, 95.6],[79.18, 99.9],[81.69, 70.75],[87.39, 67.1],[93.44, 99.2],[89.69, 94.46],[70.74, 78.36]]
[[92.04, 61.49]]
[[76.14, 95.68],[52.57, 81.28],[58.79, 89.13],[50.97, 59.16],[79.46, 90.44],[83.76, 77.7],[81.36, 79.3],[73.97, 51.11],[95.18, 96.78]]
