[[75.52, 61.93, 83.87],[88.98, 81.76, 58.0],[63.06, 54.41, 98.35],[60.54, 92.23, 84.29],[77.56, 67.98, 86.5],[85.45, 82.69, 83.69],[70.55, 53.73, 81.1],[95.66, 58.61, 79.67]]
[[96.71, 96.02, 72.48],[52.98, 81.29, 88.11],[56.57, 78.44, 59.22],[76.79, 54.39, 55.22],[97.98, 60.91, 98.08],[68.93, 69.91, 99.03],[83.08, 57.24, 60.97]]
[[55.91, 64.68, 63.97],[84.05, 57.98, 64.1],[89.75, 56.07, 65.06],[95.18, 83.4, 87.26],[67.63, 98.78, 66.97],[93.79, 77.5, 55.36],[91.3, 88.8, 93.42],[88.59, 68.14, 87.58]]
[[63.31, 97.65, 55.85],[75.61, 94.32, 50.4],[51.88, 70.61, 76.55],[93.15, 97.81, 64.41]]
[[72.93, 62.32, 82.4],[88.47, 88.43, 88.51],[68.31, 53.2, 75.5],[75.78, 91.09, 54.58],[78.3, 92.29, 78.41],[64.82, 69.53, 63.98],[89.19, 83.29, 63.85]]
[[68.51, 54.17, 92.92],[52.64, 85.66, 64.46],[83.17, 76.89, 68.4],[59.19, 89.06, 61.28],[74.74, 57.63, 84.17]]
[[56.36, 81.11, 50.52],[85.14, 61.23, 55.07],[88.13, 53.49, 96.25],[89.52, 53.34, 92.51],[71.89, 98.06, 68.64],[95.84, 91.56, 62.31],[55.75, 79.48, 92.12]]
[[92.07, 59.37, 65.25],[97.88, 89.29, 89.39],[96.94, 80.04, 66.57],[71.29, 60.87, 85.68],[92.15, 54.36, 87.9],[57.98, 60.76, 86.95],[55.42, 90.79, 60.85],[65.89, 69.8, 82.91]]
[[87.13, 81.11, 69.93],[97.02, 86.41, 51.49],[63.19, 59.81, 87.56],[86.07, 52.34, 67.16],[65.78, 67.6, 91.93],[55.67, 54.39, 87.12],[61.23, 94.03, 96.98]]
[[97.6, 70.46, 70.07],[99.05, 75.6, 89.96],[88.42, 73.32, 59.08],[52.15, 76.55, 90.88],[88.28, 98.05, 89.61],[85.96, 92.71, 95.75],[66.15, 73.45, 60.46],[52.88, 59.68, 97.89],[62.24, 53.59, 83.38]]
